{
  "accessors": [
    {
      "bufferView": 2,
      "componentType": 5126,
      "count": 4751,
      "max": [
        4.2435898780822754,
        0.89746999740600586,
        5.4835801124572754
      ],
      "min": [
        -4.2828798294067383,
        -7.629000186920166,
        -5.2357702255249023
      ],
      "type": "VEC3"
    },
    {
      "bufferView": 2,
      "byteOffset": 57012,
      "componentType": 5126,
      "count": 4751,
      "max": [
        0.99478203058242798,
        0.99931323528289795,
        1
      ],
      "min": [
        -0.99957239627838135,
        -0.99931323528289795,
        -1
      ],
      "type": "VEC3"
    },
    {
      "bufferView": 3,
      "componentType": 5126,
      "count": 4751,
      "max": [
        0.99506556987762451,
        0.99998748302459717,
        0.99992728233337402,
        1
      ],
      "min": [
        -0.98725730180740356,
        -0.99781656265258789,
        -0.99729245901107788,
        1
      ],
      "type": "VEC4"
    },
    {
      "bufferView": 1,
      "componentType": 5126,
      "count": 4751,
      "max": [
        0.99880999326705933,
        1.0019400119781494
      ],
      "min": [
        0.0040600001811981201,
        0.0022400000598281622
      ],
      "type": "VEC2"
    },
    {
      "bufferView": 0,
      "componentType": 5125,
      "count": 26880,
      "max": [
        4750
      ],
      "min": [
        0
      ],
      "type": "SCALAR"
    }
  ],
  "asset": {
    "extras": {
      "author": "Slime103 (https://sketchfab.com/slime103)",
      "license": "CC-BY-SA-4.0 (http://creativecommons.org/licenses/by-sa/4.0/)",
      "source": "https://sketchfab.com/models/6b8c2c26639f441cb936801ec6b7490e",
      "title": "Starbucks Paper Cup"
    },
    "generator": "Sketchfab-3.18.7",
    "version": "2.0"
  },
  "bufferViews": [
    {
      "buffer": 0,
      "byteLength": 107520,
      "byteOffset": 0,
      "name": "floatBufferViews",
      "target": 34963
    },
    {
      "buffer": 0,
      "byteLength": 38008,
      "byteOffset": 107520,
      "byteStride": 8,
      "name": "floatBufferViews",
      "target": 34962
    },
    {
      "buffer": 0,
      "byteLength": 114024,
      "byteOffset": 145528,
      "byteStride": 12,
      "name": "floatBufferViews",
      "target": 34962
    },
    {
      "buffer": 0,
      "byteLength": 76016,
      "byteOffset": 259552,
      "byteStride": 16,
      "name": "floatBufferViews",
      "target": 34962
    }
  ],
  "buffers": [
    {
      "byteLength": 335568,
      "uri": "scene.bin"
    }
  ],
  "images": [
    {
      "uri": "textures/starbuckspapercup_baseColor.png"
    }
  ],
  "materials": [
    {
      "doubleSided": true,
      "name": "starbuckspapercup",
      "pbrMetallicRoughness": {
        "baseColorFactor": [
          1,
          1,
          1,
          1
        ],
        "baseColorTexture": {
          "index": 0,
          "texCoord": 0
        },
        "metallicFactor": 0,
        "roughnessFactor": 1
      }
    }
  ],
  "meshes": [
    {
      "name": "Starbuckscup1_0",
      "primitives": [
        {
          "attributes": {
            "NORMAL": 1,
            "POSITION": 0,
            "TANGENT": 2,
            "TEXCOORD_0": 3
          },
          "indices": 4,
          "material": 0,
          "mode": 4
        }
      ]
    }
  ],
  "nodes": [
    {
      "children": [
        1
      ],
      "name": "RootNode (gltf orientation matrix)",
      "rotation": [
        -0.70710678118654746,
        -0,
        -0,
        0.70710678118654757
      ]
    },
    {
      "children": [
        2
      ],
      "name": "RootNode (model correction matrix)"
    },
    {
      "children": [
        3,
        5,
        7,
        9,
        11,
        13
      ],
      "name": "Root"
    },
    {
      "children": [
        4
      ],
      "matrix": [
        -0.29086000000000006,
        0.95517000000000007,
        -0.05519000000000001,
        0,
        -0.77110000000000001,
        -0.19988000000000003,
        0.60452000000000006,
        0,
        0.56639000000000006,
        0.21839000000000003,
        0.7946700000000001,
        0,
        4.0762500000000008,
        3.7833400000000004,
        1.7045700000000001,
        1
      ],
      "name": "Lamp"
    },
    {
      "name": "Lamp"
    },
    {
      "children": [
        6
      ],
      "matrix": [
        0.51830999999999994,
        0,
        0,
        0,
        0,
        0.51830999999999994,
        0,
        0,
        0,
        0,
        0.51830999999999994,
        0,
        0,
        1.7848100000000002,
        2.7274600000000002,
        1
      ],
      "name": "Starbuckscup1"
    },
    {
      "mesh": 0,
      "name": "Starbuckscup1_0"
    },
    {
      "children": [
        8
      ],
      "matrix": [
        -0.051570000000000012,
        0.96565000000000012,
        -0.25468000000000002,
        0,
        -0.91364000000000012,
        -0.14859000000000003,
        -0.37839000000000006,
        0,
        -0.40322999999999998,
        0.21318000000000001,
        0.88992000000000016,
        0,
        -4.8212299999999999,
        3.8209499999999998,
        14.939299999999999,
        1
      ],
      "name": "Sun"
    },
    {
      "name": "Sun"
    },
    {
      "children": [
        10
      ],
      "matrix": [
        -0.31019000000000002,
        -0.38485000000000008,
        -0.86930000000000007,
        0,
        0.91394000000000009,
        -0.37245000000000006,
        -0.16123000000000004,
        0,
        -0.26172000000000001,
        -0.84450000000000003,
        0.46726000000000001,
        0,
        -3.8326899999999995,
        -8.455210000000001,
        6.6927599999999998,
        1
      ],
      "name": "Sun.002"
    },
    {
      "name": "Sun.002"
    },
    {
      "children": [
        12
      ],
      "matrix": [
        -0.29086000000000006,
        0.95517000000000007,
        -0.05519000000000001,
        0,
        -0.77110000000000001,
        -0.19988000000000003,
        0.60452000000000006,
        0,
        0.56639000000000006,
        0.21839000000000003,
        0.7946700000000001,
        0,
        -5.6144599999999993,
        -1.8870899999999999,
        2.7884500000000001,
        1
      ],
      "name": "Lamp.001"
    },
    {
      "name": "Lamp.001"
    },
    {
      "children": [
        14
      ],
      "matrix": [
        0.041500000000000009,
        -0.40848000000000007,
        -0.91182000000000007,
        0,
        0.68580000000000019,
        0.67532000000000014,
        -0.27132000000000006,
        0,
        0.72660000000000013,
        -0.61407000000000012,
        0.30817000000000005,
        0,
        6.627019999999999,
        -5.9652600000000007,
        5.0304099999999998,
        1
      ],
      "name": "Sun.003"
    },
    {
      "name": "Sun.003"
    }
  ],
  "samplers": [
    {
      "magFilter": 9729,
      "minFilter": 9987,
      "wrapS": 10497,
      "wrapT": 10497
    }
  ],
  "scene": 0,
  "scenes": [
    {
      "name": "OSG_Scene",
      "nodes": [
        0
      ]
    }
  ],
  "textures": [
    {
      "sampler": 0,
      "source": 0
    }
  ]
}

